0.0 105.0
1.0 129.0
2.0 11.0
3.0 134.0
4.0 92.0
5.0 116.0
6.0 110.0
7.0 145.0
8.0 124.0
9.0 11.0
10.0 40.0
11.0 41.0
12.0 150.0
13.0 140.0
14.0 71.0
15.0 20.0
16.0 120.0
17.0 9.0
18.0 93.0
19.0 89.0
20.0 114.0
21.0 152.0
22.0 4.0
23.0 40.0
24.0 49.0
25.0 61.0
26.0 123.0
27.0 6.0
28.0 187.0
29.0 53.0
30.0 141.0
31.0 49.0
32.0 20.0
33.0 87.0
34.0 71.0
35.0 3.0
36.0 111.0
37.0 10.0
38.0 178.0
39.0 37.0
40.0 22.0
41.0 199.0
42.0 114.0
43.0 198.0
44.0 0.0
45.0 127.0
46.0 72.0
47.0 78.0
48.0 138.0
49.0 17.0
50.0 182.0
